default: (0.0, 0.0); (10.0, 0.0); (255, 255, 255)
default: (10.0, 0.0); (10.0, 10.0); (255, 255, 255)
default: (10.0, 10.0); (0.0, 10.0); (255, 255, 255)
default: (0.0, 10.0); (0.0, 0.0); (255, 255, 255)
default: (20.0, 20.0); (30.0, 20.0); (255, 255, 255)
default: (20.0, 30.0); (20.0, 20.0); (255, 255, 255)
default: (20.0, 30.0); (30.0, 30.0); (255, 255, 255)
default: (30.0, 40.0); (20.0, 40.0); (255, 255, 255)
default: (20.0, 40.0); (20.0, 30.0); (255, 255, 255)
default: (30.0, 20.0); (40.0, 20.0); (255, 255, 255)
default: (40.0, 20.0); (40.0, 30.0); (255, 255, 255)
default: (30.0, 30.0); (30.0, 20.0); (255, 255, 255)
default: (30.0, 30.0); (40.0, 30.0); (255, 255, 255)
default: (40.0, 30.0); (40.0, 40.0); (255, 255, 255)
default: (40.0, 40.0); (30.0, 40.0); (255, 255, 255)
default: (30.0, 40.0); (30.0, 30.0); (255, 255, 255)
default: (50.0, 50.0); (60.0, 50.0); (255, 255, 255)
default: (50.0, 60.0); (50.0, 50.0); (255, 255, 255)
default: (50.0, 60.0); (60.0, 60.0); (255, 255, 255)
default: (50.0, 70.0); (50.0, 60.0); (255, 255, 255)
default: (50.0, 70.0); (60.0, 70.0); (255, 255, 255)
default: (60.0, 80.0); (50.0, 80.0); (255, 255, 255)
default: (50.0, 80.0); (50.0, 70.0); (255, 255, 255)
default: (60.0, 50.0); (70.0, 50.0); (255, 255, 255)
default: (60.0, 60.0); (60.0, 50.0); (255, 255, 255)
default: (60.0, 60.0); (70.0, 60.0); (255, 255, 255)
default: (60.0, 70.0); (60.0, 60.0); (255, 255, 255)
default: (60.0, 70.0); (70.0, 70.0); (255, 255, 255)
default: (70.0, 80.0); (60.0, 80.0); (255, 255, 255)
default: (60.0, 80.0); (60.0, 70.0); (255, 255, 255)
default: (70.0, 50.0); (80.0, 50.0); (255, 255, 255)
default: (80.0, 50.0); (80.0, 60.0); (255, 255, 255)
default: (70.0, 60.0); (70.0, 50.0); (255, 255, 255)
default: (70.0, 60.0); (80.0, 60.0); (255, 255, 255)
default: (80.0, 60.0); (80.0, 70.0); (255, 255, 255)
default: (70.0, 70.0); (70.0, 60.0); (255, 255, 255)
default: (70.0, 70.0); (80.0, 70.0); (255, 255, 255)
default: (80.0, 70.0); (80.0, 80.0); (255, 255, 255)
default: (80.0, 80.0); (70.0, 80.0); (255, 255, 255)
default: (70.0, 80.0); (70.0, 70.0); (255, 255, 255)
default: (90.0, 90.0); (100.0, 90.0); (255, 255, 255)
default: (90.0, 100.0); (90.0, 90.0); (255, 255, 255)
default: (90.0, 100.0); (100.0, 100.0); (255, 255, 255)
default: (90.0, 110.0); (90.0, 100.0); (255, 255, 255)
default: (90.0, 110.0); (100.0, 110.0); (255, 255, 255)
default: (90.0, 120.0); (90.0, 110.0); (255, 255, 255)
default: (90.0, 120.0); (100.0, 120.0); (255, 255, 255)
default: (100.0, 130.0); (90.0, 130.0); (255, 255, 255)
default: (90.0, 130.0); (90.0, 120.0); (255, 255, 255)
default: (100.0, 90.0); (110.0, 90.0); (255, 255, 255)
default: (100.0, 100.0); (100.0, 90.0); (255, 255, 255)
default: (100.0, 100.0); (110.0, 100.0); (255, 255, 255)
default: (100.0, 110.0); (100.0, 100.0); (255, 255, 255)
default: (100.0, 110.0); (110.0, 110.0); (255, 255, 255)
default: (100.0, 120.0); (100.0, 110.0); (255, 255, 255)
default: (100.0, 120.0); (110.0, 120.0); (255, 255, 255)
default: (110.0, 130.0); (100.0, 130.0); (255, 255, 255)
default: (100.0, 130.0); (100.0, 120.0); (255, 255, 255)
default: (110.0, 90.0); (120.0, 90.0); (255, 255, 255)
default: (110.0, 100.0); (110.0, 90.0); (255, 255, 255)
default: (110.0, 100.0); (120.0, 100.0); (255, 255, 255)
default: (110.0, 110.0); (110.0, 100.0); (255, 255, 255)
default: (110.0, 110.0); (120.0, 110.0); (255, 255, 255)
default: (110.0, 120.0); (110.0, 110.0); (255, 255, 255)
default: (110.0, 120.0); (120.0, 120.0); (255, 255, 255)
default: (120.0, 130.0); (110.0, 130.0); (255, 255, 255)
default: (110.0, 130.0); (110.0, 120.0); (255, 255, 255)
default: (120.0, 90.0); (130.0, 90.0); (255, 255, 255)
default: (130.0, 90.0); (130.0, 100.0); (255, 255, 255)
default: (120.0, 100.0); (120.0, 90.0); (255, 255, 255)
default: (120.0, 100.0); (130.0, 100.0); (255, 255, 255)
default: (130.0, 100.0); (130.0, 110.0); (255, 255, 255)
default: (120.0, 110.0); (120.0, 100.0); (255, 255, 255)
default: (120.0, 110.0); (130.0, 110.0); (255, 255, 255)
default: (130.0, 110.0); (130.0, 120.0); (255, 255, 255)
default: (120.0, 120.0); (120.0, 110.0); (255, 255, 255)
default: (120.0, 120.0); (130.0, 120.0); (255, 255, 255)
default: (130.0, 120.0); (130.0, 130.0); (255, 255, 255)
default: (130.0, 130.0); (120.0, 130.0); (255, 255, 255)
default: (120.0, 130.0); (120.0, 120.0); (255, 255, 255)