default: (30.0, 20.0); (20.0, 20.0); (255, 255, 255)
default: (130.0, 20.0); (120.0, 20.0); (255, 255, 255)
default: (30.0, 20.0); (30.0, 10.0); (255, 255, 255)
default: (70.0, 10.0); (70.0, 20.0); (255, 255, 255)
default: (70.0, 20.0); (80.0, 20.0); (255, 255, 255)
default: (120.0, 20.0); (120.0, 10.0); (255, 255, 255)
default: (80.0, 10.0); (80.0, 20.0); (255, 255, 255)
default: (20.0, 20.0); (20.0, 50.0); (255, 255, 255)
default: (20.0, 120.0); (20.0, 90.0); (255, 255, 255)
default: (20.0, 90.0); (10.0, 90.0); (255, 255, 255)
default: (10.0, 50.0); (20.0, 50.0); (255, 255, 255)
default: (130.0, 20.0); (130.0, 50.0); (255, 255, 255)
default: (130.0, 120.0); (130.0, 90.0); (255, 255, 255)
default: (130.0, 50.0); (150.0, 50.0); (255, 255, 255)
default: (130.0, 90.0); (150.0, 90.0); (255, 255, 255)
default: (100.0, 80.0); (100.0, 60.0); (255, 255, 255)
default: (100.0, 60.0); (80.0, 60.0); (255, 255, 255)
default: (80.0, 60.0); (80.0, 80.0); (255, 255, 255)
default: (80.0, 80.0); (100.0, 80.0); (255, 255, 255)
default: (20.0, 120.0); (30.0, 120.0); (255, 255, 255)
default: (130.0, 120.0); (120.0, 120.0); (255, 255, 255)
default: (30.0, 120.0); (30.0, 130.0); (255, 255, 255)
default: (70.0, 130.0); (70.0, 120.0); (255, 255, 255)
default: (70.0, 120.0); (80.0, 120.0); (255, 255, 255)
default: (80.0, 120.0); (80.0, 130.0); (255, 255, 255)
default: (120.0, 130.0); (120.0, 120.0); (255, 255, 255)
default: (40.0, 100.0); (40.0, 110.0); (255, 255, 255)
default: (40.0, 110.0); (50.0, 110.0); (255, 255, 255)
default: (50.0, 110.0); (50.0, 100.0); (255, 255, 255)
default: (50.0, 100.0); (40.0, 100.0); (255, 255, 255)
default: (40.0, 40.0); (40.0, 30.0); (255, 255, 255)
default: (40.0, 30.0); (50.0, 30.0); (255, 255, 255)
default: (50.0, 30.0); (50.0, 40.0); (255, 255, 255)
default: (50.0, 40.0); (40.0, 40.0); (255, 255, 255)
default: (150.0, 50.0); (150.0, 20.0); (255, 255, 255)
default: (150.0, 90.0); (150.0, 120.0); (255, 255, 255)
default: (150.0, 20.0); (250.0, 20.0); (255, 255, 255)
default: (250.0, 20.0); (270.0, 40.0); (255, 255, 255)
default: (150.0, 120.0); (250.0, 120.0); (255, 255, 255)
default: (250.0, 120.0); (270.0, 100.0); (255, 255, 255)
default: (270.0, 100.0); (280.0, 100.0); (255, 255, 255)
default: (270.0, 40.0); (280.0, 40.0); (255, 255, 255)
default: (170.0, 40.0); (170.0, 60.0); (255, 255, 255)
default: (170.0, 60.0); (190.0, 60.0); (255, 255, 255)
default: (190.0, 60.0); (190.0, 40.0); (255, 255, 255)
default: (190.0, 40.0); (170.0, 40.0); (255, 255, 255)
default: (170.0, 80.0); (170.0, 100.0); (255, 255, 255)
default: (170.0, 100.0); (190.0, 100.0); (255, 255, 255)
default: (190.0, 100.0); (190.0, 80.0); (255, 255, 255)
default: (190.0, 80.0); (170.0, 80.0); (255, 255, 255)
default: (210.0, 80.0); (210.0, 100.0); (255, 255, 255)
default: (210.0, 100.0); (230.0, 100.0); (255, 255, 255)
default: (230.0, 100.0); (230.0, 80.0); (255, 255, 255)
default: (230.0, 80.0); (210.0, 80.0); (255, 255, 255)
default: (210.0, 60.0); (210.0, 40.0); (255, 255, 255)
default: (210.0, 40.0); (230.0, 40.0); (255, 255, 255)
default: (230.0, 40.0); (230.0, 60.0); (255, 255, 255)
default: (230.0, 60.0); (210.0, 60.0); (255, 255, 255)
default: (270.0, 80.0); (270.0, 90.0); (255, 255, 255)
default: (270.0, 90.0); (280.0, 90.0); (255, 255, 255)
default: (280.0, 90.0); (280.0, 80.0); (255, 255, 255)
default: (280.0, 80.0); (270.0, 80.0); (255, 255, 255)
default: (270.0, 50.0); (270.0, 60.0); (255, 255, 255)
default: (270.0, 60.0); (280.0, 60.0); (255, 255, 255)
default: (280.0, 60.0); (280.0, 50.0); (255, 255, 255)
default: (280.0, 50.0); (270.0, 50.0); (255, 255, 255)
default: (280.0, 100.0); (280.0, 130.0); (255, 255, 255)
default: (280.0, 130.0); (10.0, 130.0); (255, 255, 255)
default: (10.0, 130.0); (10.0, 10.0); (255, 255, 255)
default: (280.0, 10.0); (280.0, 40.0); (255, 255, 255)
default: (10.0, 10.0); (280.0, 10.0); (255, 255, 255)