default: (300.0, 100.0); (300.0, 400.0); (50, 50, 50)
default: (300.0, 400.0); (600.0, 400.0); (50, 50, 50)
default: (600.0, 400.0); (500.0, 600.0); (50, 50, 50)
default: (500.0, 600.0); (500.0, 700.0); (50, 50, 50)
default: (500.0, 700.0); (700.0, 900.0); (50, 50, 50)
default: (700.0, 900.0); (900.0, 700.0); (50, 50, 50)
default: (900.0, 700.0); (1000.0, 400.0); (50, 50, 50)
default: (1000.0, 400.0); (900.0, 200.0); (50, 50, 50)
default: (900.0, 200.0); (800.0, 200.0); (50, 50, 50)
default: (800.0, 200.0); (700.0, 100.0); (50, 50, 50)
default: (700.0, 100.0); (1100.0, 100.0); (50, 50, 50)
default: (1100.0, 100.0); (1300.0, 400.0); (50, 50, 50)
default: (1300.0, 400.0); (1200.0, 700.0); (50, 50, 50)
default: (1200.0, 700.0); (800.0, 1100.0); (50, 50, 50)
default: (800.0, 1100.0); (500.0, 1000.0); (50, 50, 50)
default: (500.0, 1000.0); (300.0, 800.0); (50, 50, 50)
default: (300.0, 800.0); (200.0, 500.0); (50, 50, 50)
default: (200.0, 500.0); (200.0, 100.0); (50, 50, 50)
default: (200.0, 100.0); (300.0, 100.0); (50, 50, 50)
default: (30.0, 10.0); (10.0, 10.0); (255, 255, 255)
default: (10.0, 10.0); (10.0, 90.0); (255, 255, 255)
default: (10.0, 90.0); (60.0, 90.0); (255, 255, 255)
default: (70.0, 90.0); (90.0, 90.0); (255, 255, 255)
default: (90.0, 90.0); (90.0, 10.0); (255, 255, 255)
default: (90.0, 10.0); (40.0, 10.0); (255, 255, 255)
default: (40.0, 10.0); (40.0, 30.0); (255, 255, 255)
default: (50.0, 20.0); (80.0, 20.0); (255, 255, 255)
default: (80.0, 30.0); (60.0, 30.0); (255, 255, 255)
default: (60.0, 40.0); (60.0, 30.0); (255, 255, 255)
default: (60.0, 40.0); (50.0, 40.0); (255, 255, 255)
default: (70.0, 40.0); (90.0, 40.0); (255, 255, 255)
default: (60.0, 50.0); (80.0, 50.0); (255, 255, 255)
default: (40.0, 40.0); (20.0, 40.0); (255, 255, 255)
default: (20.0, 40.0); (20.0, 20.0); (255, 255, 255)
default: (20.0, 20.0); (30.0, 20.0); (255, 255, 255)
default: (30.0, 20.0); (30.0, 30.0); (255, 255, 255)
default: (40.0, 70.0); (40.0, 40.0); (255, 255, 255)
default: (40.0, 50.0); (30.0, 50.0); (255, 255, 255)
default: (10.0, 70.0); (20.0, 70.0); (255, 255, 255)
default: (30.0, 80.0); (30.0, 60.0); (255, 255, 255)
default: (20.0, 50.0); (20.0, 60.0); (255, 255, 255)
default: (20.0, 60.0); (30.0, 60.0); (255, 255, 255)
default: (20.0, 80.0); (60.0, 80.0); (255, 255, 255)
default: (60.0, 80.0); (60.0, 90.0); (255, 255, 255)
default: (40.0, 70.0); (50.0, 70.0); (255, 255, 255)
default: (60.0, 50.0); (60.0, 70.0); (255, 255, 255)
default: (50.0, 60.0); (50.0, 20.0); (255, 255, 255)
default: (50.0, 60.0); (60.0, 60.0); (255, 255, 255)
default: (50.0, 70.0); (50.0, 80.0); (255, 255, 255)
default: (60.0, 80.0); (80.0, 80.0); (255, 255, 255)
default: (70.0, 60.0); (90.0, 60.0); (255, 255, 255)
default: (70.0, 60.0); (70.0, 70.0); (255, 255, 255)
default: (80.0, 70.0); (80.0, 80.0); (255, 255, 255)